121.227699759094 94.56715899988396 246.0053308626129 
146.67337937613655 -56.23094852379026 -48.4793066223283 
-16.636983500478706 -54.756001640182625 -61.14957465468214 
-62.97005884485287 190.62900263186478 -62.75683181476867 
268.43692710958635 127.42690298839031 -47.310174459257155 
206.71890652789028 -15.192481294587196 -56.70872267303681 
-36.25629556289188 233.00879092715712 -53.28638630125931 
152.09724880544874 179.26754796857603 295.76561769117853 
-59.5935850925826 -59.70432794489329 -59.586430643939416 
-57.44338974718341 -56.87671667291427 -54.552597876582894 
-55.76412444370193 -54.52973724953168 -40.484268863717475 
-54.74024690736934 -55.138835632902115 -38.90644647372295 
-53.24624107497157 -55.19980497106951 -52.225873425285265 
-55.03575231813046 -53.22265960897311 -57.17359585289601 
-53.84801518296345 -52.15832688156539 -50.71731672336321 
-52.128541993745415 -53.150120626553274 -47.61170757795549 
-47.67417887729363 -47.71904089838759 -77.15237095982542 
-45.91772962149355 -43.07198782216952 -50.05137169200737 
-41.000159255457206 -38.41663713947122 -51.24921070337734 
-41.80257563718961 -45.11708398620846 -41.380111312441365 
-34.4223616312301 -37.2359711231456 -32.58650590133288 
-36.0997261210442 -34.8818132535541 -35.66290715875803 
-34.2861415031593 -31.672297581597995 -37.68390691945125 
-34.9559003404794 -34.59575710321292 -31.325999375842272 
-28.52815996997368 -32.09090855284871 -73.11502089484662 
-28.906577647886273 -33.60543053996881 -53.776936234684094 
-31.000955006171967 -27.536138224567352 -29.799646452799305 
-27.938484173888884 -29.598668457718393 -24.80722478306662 
-21.698646514324157 -21.100856707820753 0.19781386427235392 
-14.59316251229766 -25.524664664233466 -27.03731058134336 
-23.312109564788365 -23.204777165145025 -29.045140053555837 
-24.15466830783602 -13.814041777845159 -21.710811164827188 
15.368918938723512 -21.00017995350835 -51.732843057450054 
-12.476360606245839 -26.90575973153723 -36.55147377164994 
-19.21417945590292 -13.354073481578716 -20.944656363248384 
-17.86392915179671 -10.348069517077723 33.83109667597209 
24.15973001360115 -15.383263247224306 -36.91935082805041 
-16.70643966068994 -8.52047179834182 -27.733548867262687 
-9.660235883356107 1.2342316968107045 -13.88382945449277 
-5.290563926854776 1.4554447048168313 54.17193535081975 
28.745116498642368 -5.673418374313192 -29.78841497683296 
2.596055847818519 -8.864024881730199 -15.86898803913039 
-12.99534513225504 38.62147011643976 -10.476875019321895 
10.838000474633777 8.897968628078967 73.47181248670391 
-4.048507306550796 48.753938384238666 -20.988290768781347 
13.062117943438974 86.16686022826501 -10.108816928442995 
45.433623985554256 54.91655552333611 111.24751174871686 
96.91982602712925 18.50533394918493 -56.804481045628755 
82.34649437790318 34.72101062512561 12.435181449570008 
55.97310365669789 111.74407701855516 6.662725385307011 
80.56255075909503 107.29406683755317 190.81862927201254 
151.80223861118228 42.243259501383776 45.2670496356099 
265.01836716947076 110.04870289561924 79.73696478637214 
114.40955371499537 173.18673584063202 68.75133778831275 
120.93675981624915 236.34010700059292 82.1571978695032 
162.12193423115514 160.4105601765982 277.1610041107972 
-39.975271834761436 -39.97609543055285 -39.398939502113535 
-39.97649792254639 -41.066044230492146 -40.51952410154803 
-43.05209977554884 -39.650182755080905 -43.905840745859926 
-42.523434358412636 -43.663353696505325 -52.548829408157715 
-29.619973404578616 -29.068312499732187 -12.14406207245996 
-23.525086965193886 -31.221322553212072 -34.204075572109254 
-29.723748404313092 -35.85954242689058 -41.111468005252874 
-32.48151985543889 -23.2239510900827 -56.897359384865815 
-23.567866321551477 -20.00891587922457 3.8227407487206335 
-12.281458525055827 -21.69713318912708 -24.707438063977058 
-21.39291942103689 -27.33586406583457 -46.13547441800427 
-26.576558843369508 -10.74011267223856 -34.59750024622908 
241.884049561509 -46.72424290355281 -47.06630594104256 
6.892160545551544 -45.45190399989603 -47.620183885892956 
-41.239050371590956 265.84121636394167 -46.79190354581708 
188.52292525582197 128.3982600255966 323.8035022883869 
248.59082356000505 -31.166511195072584 -70.91249509284012 
-33.4606284667324 -17.506830741796023 -34.71651980662133 
-23.86446956163391 210.59127724964395 -57.46654203904457 
98.79797992204341 140.62794446924028 345.42105220876476 
294.86644276804867 -18.303637705582055 -28.711640247520563 
19.87104211766486 -16.66608085385223 -18.278610964233575 
-16.497441690156283 237.06010754241512 4.877492467841764 
182.83850671325436 203.16559035652614 355.96283645303527 
286.89646402737503 -10.873228554504344 -36.642360925258856 
-12.288395405995505 52.259117601106304 -9.559518210387388 
-5.636316019820192 269.52782898577203 -14.70597495495257 
191.87237565433455 205.74826940663428 365.34992579738963 
287.61429724647 236.19711079553377 432.8457025338477 
343.9218668761415 83.31971461137314 -5.511064698398917 
221.64056805022392 2.464455993655099 2.5150387489197494 
150.28414480555296 408.8328024852852 -27.2152954050746 
259.4687267519489 228.3346195291086 458.684011832153 
346.29510852586867 30.964017676407387 -7.955147098849237 
32.38540712225499 62.11234860731394 33.34961528262585 
27.929968857903205 350.1665742863831 78.29724043090656 
482.38064637189075 160.80341099782578 224.25454506165391 
294.3064208173524 68.56299638349194 54.407604955263224 
78.78254033847122 227.10420802612987 67.60432686800948 
104.99212847961385 318.35250810544403 507.39807911690184 
